-1  this file contains the costs for the pixel (227,133) in the image im2.png
-1  of the cones scene. Each line contains the matching cost computed with
-1  gradient and color L1 distance. See the line numbers, n, for the position
-1  of pixel (n, 133) in im6.png right image.
-1
-1
-1
-1
-1
-1
-1
-1
-1
-1
-1
-1
-1
-1
-1
-1
-1
-1
-1
-1
-1
-1
-1
-1
-1
-1
-1
-1
-1
-1
-1
-1
-1
-1
-1
-1
-1
-1
-1
-1
-1
-1
-1
-1
-1
-1
-1
-1
-1
-1
-1
-1
-1
-1
-1
-1
-1
-1
-1
-1
-1
-1
-1
-1
-1
-1
-1
-1
-1
-1
-1
-1
-1
-1
-1
-1
-1
-1
-1
-1
-1
-1
-1
-1
-1
-1
-1
-1
-1
-1
-1
-1
-1
-1
-1
-1
-1
-1
-1
-1
-1
-1
-1
-1
-1
-1
-1
-1
-1
-1
-1
-1
-1
-1
-1
-1
-1
-1
-1
-1
-1
-1
-1
-1
33.9579
37.3833
34.3955
38
37.156
27.4291
28.4977
30.7553
30.5928
29.0352
28.2199
30.2824
35.9181
38
38
34.0814
35.7262
38
38
32.2135
33.3658
30.3097
38
31.7499
38
38
38
38
35.655
33.5991
31.9281
34.4329
37.0014
38
37.8586
38
38
30.6614
38
25.2576
38
29.6217
32.767
30.3794
36.395
38
34.8
38
38
30.1076
32.3878
31.7878
31.3735
30.9027
31.6666
32.39
32.3688
31.6617
29.41
38
38
38
33.7174
38
38
38
21.9887
27.7132
33.2
38
36
14.6896
12.9731
14.7715
28.4
25.2
34.3563
28.4
15.6196
18.0092
13.0908
23.1355
22
38
29.2269
21.3834
22.0454
24.0611
26
29.3472
38
30
16.0376
18.3695
19.9551
21.8707
21.409
19.8986
16.5077
38
